1 0.3594080078125 0.06428368055555556 0.0528125 0.14041666666666666
1 0.271916796875 0.3091996527777778 0.066875 0.03958333333333333
1 0.39629609375 0.25504444444444446 0.07375 0.05333333333333334
1 0.5575583984375 0.27426076388888887 0.0934375 0.11291666666666667
1 0.480668359375 0.5700979166666666 0.069375 0.1175
1 0.608159765625 0.5867586805555556 0.055625 0.11041666666666666
1 0.7050441406250001 0.4650520833333333 0.070625 0.0625
1 0.7325535156249999 0.5967475694444444 0.085625 0.09708333333333333
1 0.03191328125 0.05090659722222222 0.06125 0.08791666666666667
1 0.2294150390625 0.055054513888888885 0.0640625 0.06541666666666666
1 0.1537701171875 0.05255451388888888 0.0321875 0.06541666666666666
1 0.6963037109375 0.2292295138888889 0.0859375 0.07541666666666667
