0 0.21258749999999998 0.5302673259677045 0.07 0.22093023255813954
0 0.1912921875 0.4137661284091787 0.03375 0.0872093023255814
0 0.13129453124999999 0.1563200185428417 0.035625 0.10465116279069768
0 0.20881171874999999 0.11974067615147735 0.049375 0.08388704318936877
0 0.7051023437499999 0.2909915453471816 0.081875 0.17691029900332225
0 0.58008359375 0.33246321784527766 0.066875 0.14285714285714285
0 0.612578125 0.005195858765355791 0.0625 0.12790697674418605
0 0.4038390625 0.07999083895321243 0.07125 0.15448504983388706
0 0.38634921875000006 0.0018294500060705733 0.079375 0.10132890365448505
0 0.4238 0.7393102725135484 0.04 0.06478405315614617
