1 0.439397265625 0.2456703125 0.035625 0.0725
1 0.1419060546875 0.1837875 0.0496875 0.06
1 0.08879765625 0.6875578125 0.07625 0.0925
1 0.0037931640625000003 0.38754746093750003 0.0690625 0.0759375
1 0.4912951171875 0.12815488281249998 0.0721875 0.0478125
1 0.7613107421875001 0.221923828125 0.0971875 0.078125
1 0.5675312499999999 0.7894396484374999 0.05 0.1034375
1 0.6537919921875001 0.7313072265625 0.0671875 0.0915625
1 0.4637818359375 0.4650412109375 0.0509375 0.0659375
1 0.3744310546875 0.5731505859375 0.0896875 0.0409375
