1 0.2815161875 0.4083821111111111 0.06475 0.14633333333333334
1 0.11950984375 0.48970844444444445 0.039375 0.12533333333333332
1 0.02676090625 0.47736094444444443 0.043625 0.08283333333333333
1 0.155517125 0.8270288333333333 0.0685 0.0865
1 0.71676446875 0.5613818888888888 0.057875 0.14566666666666667
1 0.83526734375 0.2640197222222222 0.069375 0.059166666666666666
1 0.8195209375 0.3996915555555555 0.08375 0.07466666666666667
1 0.8602645625 0.5403584444444445 0.05825 0.07533333333333334
1 0.28426503124999997 0.42071194444444443 0.060125 0.13583333333333333
1 0.3010194375 0.2576825 0.07775 0.0475
1 0.5287678125 0.391021 0.07125 0.063
1 0.47875993749999995 0.30968538888888886 0.03975 0.05616666666666666
1 0.12776934375000001 0.7046895 0.077375 0.0685
1 0.31102028125 0.3230166666666667 0.081125 0.05
