1 0.43789135802469137 0.1434609346697259 0.051111111111111114 0.16483516483516483
1 0.7334197530864197 0.41792456627621466 0.03888888888888889 0.09340659340659341
1 0.35341728395061733 0.03697889412175126 0.03777777777777778 0.09523809523809523
1 0.7489555555555555 0.11751801312240873 0.03 0.08241758241758242
1 0.157920987654321 0.5278012585704893 0.06444444444444444 0.08974358974358974
1 0.004585185185185185 0.670564478256786 0.06333333333333334 0.0641025641025641
1 0.0023555555555555556 0.5460089361188263 0.06 0.06043956043956044
1 0.024545679012345677 0.43611211743079875 0.04555555555555556 0.05860805860805861
1 0.14010617283950616 0.43984220907297833 0.04777777777777778 0.07692307692307693
1 0.1668 0.7144601430315716 0.06 0.047619047619047616
