0 0.5059368055555555 0.8678475308641975 0.12416666666666666 0.06277777777777778
0 0.03420277777777778 0.5735148148148148 0.043333333333333335 0.16333333333333333
0 0.1092326388888889 0.573562962962963 0.07916666666666666 0.20666666666666667
0 0.17587430555555555 0.5345796296296297 0.049166666666666664 0.12166666666666667
0 0.048396875 0.21908024691358025 0.07625 0.17222222222222222
0 0.14675034722222222 0.27460246913580244 0.10041666666666667 0.14222222222222222
0 0.3059263888888889 0.430312962962963 0.11166666666666666 0.2816666666666667
0 0.4542642361111111 0.27920432098765435 0.11708333333333333 0.2838888888888889
0 0.3625465277777778 0.27017345679012345 0.05583333333333333 0.15611111111111112
0 0.005976388888888889 0.020114814814814815 0.17166666666666666 0.10333333333333333
0 0.20262777777777777 0.09233641975308642 0.15333333333333332 0.10277777777777777
0 0.4401246527777778 0.0034919753086419753 0.14958333333333335 0.14277777777777778
0 0.6942916666666666 0.04011358024691358 0.15 0.10222222222222223
0 0.5926489583333333 0.2011969135802469 0.17875 0.07722222222222222
0 0.8042375 0.27805925925925923 0.085 0.25333333333333335
0 0.7575940972222223 0.7534598765432099 0.11291666666666667 0.11388888888888889
