1 0.2678047337278106 0.274125486645541 0.14615384615384616 0.09744680851063829
1 0.16467071005917158 0.04181946582163875 0.07192307692307692 0.13787234042553193
1 0.08772514792899408 0.17795129017655048 0.04269230769230769 0.09276595744680852
1 0.3162550295857988 0.6247655952919873 0.13153846153846155 0.09957446808510638
1 0.04164911242603551 0.6060505205975555 0.14384615384615385 0.10936170212765957
1 0.19089171597633137 0.5098397464916252 0.15923076923076923 0.06170212765957447
1 0.7054565088757396 0.35503884110457223 0.09346153846153846 0.17063829787234042
1 0.5731789940828402 0.669884291534631 0.1326923076923077 0.11404255319148936
1 0.7600621301775148 0.7396233589859665 0.08076923076923077 0.0574468085106383
1 0.8500437869822486 0.6187922136713445 0.05692307692307692 0.08085106382978724
1 0.6793310650887574 0.042651335445903125 0.13038461538461538 0.11531914893617021
1 0.43624615384615384 0.08857908555907651 0.12 0.08042553191489361
1 0.5069789940828403 0.22134214576731553 0.0726923076923077 0.07702127659574468
